9.140626496149610869e-01 -8.836146673287573194e-02 4.184725380553395990e-02 1.768900237535355607e-02 1.122940206543328844e-02 1.319949114653253680e-02 3.654461076208583015e-02 4.479045164060174722e-02 -2.931855992357497789e-02 -1.360509444927069100e-01 4.497545332991154110e-02 1.219470740754402954e-01 1.306160680709680944e-02 1.002153391738353633e-02 8.762823035745940375e-03 9.426041619220705547e-03 -1.166543612447933087e-01 -4.660009439794307595e-02 4.106025001648803963e-02 3.203644120103890658e-02 1.487796015181824805e-01 1.425563350196637491e-02 -2.185697232656547834e-02 -8.781829486650556335e-03 9.735551198953237839e-04 4.236916556023327673e-02 3.245447233488881617e-02 7.193188859566554405e-02 2.101864014075472548e-02 2.611030355338368053e-02 -9.076462393547915508e-02 1.541576102984809904e-01 1.882963251770439423e-32 1.999455808174544214e-01 2.149196418569074979e-02 -4.362167529350364781e-01 3.160188452547833815e-02 2.578835144762539611e-01 -1.943102633309114202e-02 -7.389514007752107807e-33 3.833464164314532435e-02 3.883921176080595838e-02 6.829552371464181482e-02 -8.204038243056958890e-02 7.533236145012044485e-03 -5.730215619656923998e-02 1.761508931450343415e-02 3.026746018630225438e-02 -1.807584626611044576e-02 -3.483884841958465040e-02 -3.006408139039988894e-02 3.104621482943927674e-02 6.946453522340993378e-03 2.058599205207221061e-01 4.389275262495151431e-02 -3.591443808345310545e-02 -3.776953504465754841e-01 7.099808258622768153e-02 4.784875070967590377e-03 1.444270932250465468e-02 -5.875855265556881313e-03 -8.551287052802452812e-03 -2.371992323834560060e-02 1.216239364893840699e-02 1.034000396302764673e-03 6.197282027400068463e-03 2.392293185424141516e-02 4.656755153253049756e-02 3.608435831970215057e-02 -9.316613700796554098e-03 2.287178791369682846e-03 -9.879132934424349199e-03 6.804774432309990302e-03 -2.232713074521740920e-02 -2.470863819490266497e-02 1.422605216800759687e-02 -5.266318991561559637e-02 2.357169626662740033e-02 4.178368896545281830e-34 -6.339510246945314481e-03 -1.773986728982340083e-02 -7.640114096405513713e-03 -1.890900611051610919e-02 7.937220301611393886e-03 1.317392866136133692e-32 2.564970360711723088e-02 -1.583827639705163992e-02 -1.266927380119880348e-02 4.138430693275923855e-32 -6.576940014918442046e-02 -1.800902770577161166e-02 -1.257278000280065769e-02 8.979470915157784986e-33 1.135308637778843603e-02 5.797461538426760402e-02 9.410712006115502098e-03 1.552940873623112963e-02 5.219556983651013268e-03 3.475833555888419718e-02 -7.244674570398249025e-03 2.113171600017524354e-02 -1.679285030500958856e-02 1.746993517617863659e-02 -1.034079976573508940e-02 -2.943598724110092421e-02 -6.019306490625393052e-03
-8.836146673287573194e-02 9.213105763369032752e-01 2.957331978402807579e-02 -5.192646341893757643e-03 -1.015002660898659675e-03 -7.475419895229533374e-03 1.112479055772018673e-02 -1.255163637314843893e-02 -6.600659394943126854e-03 1.021258527064197036e-02 -3.185012150153744559e-02 -1.733752811089161842e-03 -6.294048698458603458e-03 -6.648635709622000879e-03 1.835283912804696466e-02 1.943706036198475720e-02 -2.696969556201633377e-03 -9.497302333208260464e-03 -6.853840690930237435e-03 3.030237909798269916e-02 -1.539863865407906096e-02 3.185447826080902572e-02 1.126960986811204046e-02 -1.267853971018376158e-02 -2.458810695499528617e-02 1.614845812595537208e-02 2.371975602804966832e-02 -6.730226988622708614e-03 3.320438807951083676e-02 1.290025368843640205e-02 -2.581481886117903066e-02 -4.309329235659939417e-02 -1.968518075835598003e-34 -2.328060202802075332e-02 2.476078503854257581e-02 4.521861557921073860e-02 4.708070191581206765e-02 -3.394393950113825525e-02 -4.095663980171701871e-03 1.377962653084922023e-33 -1.338040916301028865e-02 -2.366484306628675177e-02 5.056857701068591740e-03 5.018539163448629270e-02 2.624409951587721238e-02 -1.152983823295786192e-02 4.644580702659263823e-03 -7.295932119069094626e-03 -2.266048019138166419e-04 -2.110488380254482710e-02 -7.308651571794003848e-04 2.086083229377019843e-02 1.791650279488686895e-02 -2.495213522055964722e-02 3.824788296047006153e-02 3.841359163031538015e-02 -1.163702286110534188e-02 -2.184530814466310519e-02 -1.014772050886107984e-03 -7.152098305915678689e-02 -5.153405084487529264e-02 1.161045614852637131e-01 -4.068861655232421277e-03 -5.082586203591409751e-02 -1.892780117921232658e-02 1.505154573540594225e-03 -9.890646896109502040e-03 1.745227070573651673e-02 3.725500143661449048e-02 1.012359259129886387e-03 3.876393142075128251e-03 3.402132531253183184e-02 -7.684693345270820000e-03 -1.999542563509424005e-03 -2.636412941959222905e-02 -1.341720054216924765e-02 6.803342627804206955e-02 7.834344985179000909e-03 2.148334630839815937e-34 7.915232512242966270e-03 8.875618649351751238e-03 2.664320093146065483e-03 3.153064681056676893e-03 -2.366357310897189425e-02 -7.722647835970440172e-34 2.566435594249057497e-02 4.675278480288824930e-03 3.951678631457159266e-03 1.535444099151769795e-32 1.286626645039936623e-01 6.046581870355819191e-03 -2.520955556254517171e-02 -5.103004550435369032e-33 2.661780101624505995e-03 8.813922473622219644e-03 -1.875031652051677850e-02 3.933362265283176645e-03 -1.052026596384414425e-02 -2.234788928704243421e-02 1.212746833956220016e-02 1.133334241348936443e-03 -1.178504617021921760e-02 -8.833025770821024969e-02 1.036266012576748247e-02 8.019588662137864740e-03 2.932348296712896166e-02
4.184725380553395990e-02 2.957331978402807579e-02 9.632536363368802146e-01 -3.139102118382493430e-03 2.912848840970875750e-02 1.864805393611533579e-01 -1.040655921893506551e-02 -5.709459396616708288e-02 -2.713768987903949700e-02 9.894704039514172142e-03 5.415534369972063028e-02 8.673147324284263826e-02 -3.757129268860084220e-02 -1.872889471974226519e-02 -5.996076191903940145e-02 2.419839022302421733e-02 -4.920112007833228780e-03 8.263353279164076595e-04 -5.026117130173251603e-03 4.590842073615421931e-02 3.435903064640767612e-02 2.278743088663032212e-02 -2.183833357748609511e-02 -4.259662986385113342e-02 1.835950242378316458e-02 3.871585534159636532e-03 6.043186970702764393e-02 -6.319725260557408630e-02 -9.041271285395967305e-03 1.128461251327210826e-02 -5.974475382193757816e-02 -2.015339122608881262e-01 -6.025709542366464943e-31 3.387621373321328955e-01 -1.350451727580912267e-02 -1.147889911409387814e-01 -9.896930692102300087e-02 -1.556477383875533860e-01 -2.632691491158117847e-01 9.344933867160034685e-31 2.257739853397102703e-01 -4.087366622830426385e-03 1.270556798304295354e-01 1.352831224032876034e-01 3.942795177580173810e-02 -1.319103898218170756e-01 -8.648079710627176730e-02 -9.442615345324305298e-02 4.339975016458041956e-02 1.383389948364744867e-02 -5.048324146295874587e-03 1.580202058059867465e-01 -6.152812517906931095e-02 4.866083743309680965e-01 -9.487738074630244767e-02 -4.597361618799319927e-02 -8.330933008148758145e-02 -2.925269886181314782e-01 -3.259626762762395935e-01 -1.610406124245658543e-02 -1.539810119534988642e-02 -1.113253677283432552e-01 -2.068262608260220542e-02 1.105114498764380310e-01 1.489226999262683107e-02 -5.118461708259421962e-03 -3.761006074609888044e-03 -8.934453462131375021e-03 -1.289117545355189347e-02 -2.359895211952443318e-03 -8.182798642633670044e-03 2.597042122320150984e-02 -4.563253052434487929e-03 2.170853701786754075e-03 -2.209677280043672795e-02 1.125992025379453365e-02 4.284885122041506844e-02 -3.055982880298014487e-02 -2.761745684134453483e-32 1.305568217741238587e-02 2.504860615750266473e-02 1.339471010739317312e-02 2.178473810581863998e-02 5.094233757109726396e-02 -7.143903521674772286e-31 1.841565120840736591e-02 -1.935441432389212527e-02 -6.459067098244604052e-03 -2.500388946256276179e-30 2.745144965345998680e-02 -3.921009426949846610e-03 -2.361802981752877603e-02 -6.774957806922968976e-31 -1.026744948322814988e-02 2.981174584889964910e-02 -2.098065712642854103e-02 -2.509211332682042064e-02 4.453707660807560038e-03 1.569354347352369325e-02 1.660297227878469381e-03 -5.202363659928592454e-02 -1.352957543959816544e-03 -1.762132907528503323e-02 -2.444380215868201256e-02 -1.730404902446384952e-02 2.111300355322497796e-02
1.768900237535355607e-02 -5.192646341893757643e-03 -3.139102118382493430e-03 5.618409407593824012e-01 -4.823505009085725381e-02 2.985955530235619854e-02 -7.854193838275399381e-03 -2.294643373914669396e-02 -3.539829553485520849e-04 -8.007788917562909392e-03 3.807614133216286750e-02 1.596884842937084520e-02 -6.724150129487004805e-04 -2.442989632815768439e-04 -2.134915869042948965e-03 -1.863556734808351689e-03 -5.579461065256884934e-03 3.144633473013313391e-03 4.126890130715587472e-04 -7.668487974500172487e-04 3.719359471520563253e-03 -2.495329468567067215e-03 -8.409273200462119222e-03 -1.278618437132482584e-02 -6.114964561642553288e-03 -1.293647061240346847e-02 6.513618433721995917e-04 3.122929383662666550e-02 -7.377673234452889568e-04 5.577788390646602756e-02 -1.439167689302017078e-02 2.788918569131366640e-02 -3.185611160396227986e-31 -2.279070031844341454e-02 -3.963396672332310591e-03 -3.490317756609173476e-03 2.318479356739493874e-02 -8.637313734473096036e-04 -1.165086621065931569e-02 1.068216333852189634e-30 -2.099419864881804654e-02 3.124534866479511397e-02 7.091292865554580174e-03 -4.155132324772143823e-03 -3.628806879201498109e-03 5.704082658864793529e-03 -1.021789038006152206e-03 3.191235584401536443e-03 -5.241881753167137482e-03 1.392184195143076654e-02 -1.856239270175605652e-02 -8.822558469012508828e-03 -2.153097057199234148e-03 -1.782141278574052648e-02 2.542278430800555544e-02 5.159793361338663609e-04 -3.921188909738131979e-03 7.383059719122593914e-03 -1.550885383036862235e-02 2.582753098996114390e-03 1.500684265868547709e-02 -1.886161994480572025e-03 7.366897749981272036e-04 -6.727869209655077190e-03 -5.518714040343907119e-03 3.756427947591947300e-03 -5.698646545254257463e-03 2.643770064846609133e-03 -2.622038661482298336e-03 -7.728153279700672755e-04 2.133363116162638202e-03 -7.203643918590092472e-04 -8.950430039600649037e-04 -5.834748358100460587e-03 -3.576725038726842696e-03 -4.172653331462202429e-03 -4.070273852647906393e-03 -3.890984138848555592e-03 -3.691104480102530296e-32 -2.503293811582866634e-04 -5.536107532854220997e-03 -2.568298957046548456e-04 -1.704601746388828814e-03 2.482953195521190801e-02 -3.455946422786641630e-31 1.632896762211355013e-03 -4.353281233426273614e-04 1.311843794923020848e-02 -1.784722842951190265e-30 -4.331203474142635360e-03 -3.199541899375181399e-04 -7.003215716300554162e-04 -3.126082416660622793e-31 -9.178106188355268993e-03 -7.106159093572711125e-03 -2.736708632116857253e-04 -7.440310803365680513e-04 -6.127706249143507165e-03 -3.143542635743395465e-03 -7.246943570406384066e-03 -1.022070097576064556e-03 -5.835390405487630647e-03 -1.564684255198147333e-03 -7.248073644007745845e-04 -1.756603799395281898e-02 2.408976175836132980e-02
1.122940206543328844e-02 -1.015002660898659675e-03 2.912848840970875750e-02 -4.823505009085725381e-02 9.260870391926061540e-01 4.758831550448801295e-02 7.704373289517396639e-04 1.337814644090322934e-02 -2.544706767120531038e-03 -9.581736600934417231e-03 2.643130559603068877e-02 8.453716397581526737e-03 -1.665649343732329007e-02 -1.756212313813306988e-03 -1.185228617194373883e-02 -2.321757944038828000e-02 -1.398870141949190224e-02 -1.458334635566590522e-02 2.232023043071022783e-02 2.579150271251762563e-02 1.661926786504850165e-02 -5.693237723055685068e-03 3.250216313449875646e-03 -1.830582498317079310e-02 3.236131145058183944e-02 7.339047870239502613e-02 -3.187501116070300122e-02 3.005293321668629086e-02 -5.303649433298414199e-03 9.969083970738871342e-03 -1.810629250895446837e-02 2.303548706249134576e-03 -5.388363959197844841e-31 3.254031315696018223e-02 7.540812305913166362e-03 -3.621916000477690828e-02 -8.278651072054754242e-03 3.576831688306779996e-03 -1.990238627795298462e-02 1.249528205471701486e-30 -1.950693832694637767e-02 3.326651941004823976e-02 -1.133977145196626672e-02 -1.482849845502822242e-02 -8.793525970826819929e-03 -6.033886531827159158e-03 -9.851849845460530775e-03 3.202207979482403488e-02 -2.359294863107477824e-02 1.538991599395620954e-02 2.855924012548889581e-03 6.972540031795746752e-03 -1.198883476396709995e-02 2.636218881849209522e-02 -6.206762709971998075e-03 -3.310500941895147022e-03 -1.502822775546516082e-02 -1.884305183054610019e-02 7.360223990209063122e-03 -2.008603269438198613e-02 -1.360248551285373614e-02 -5.782019271131822943e-03 -1.002496482148240373e-02 1.969849972773661181e-02 -7.822672079440658177e-03 1.599703340390177045e-02 -1.041998173489963077e-02 -5.240989629168441889e-03 -1.528622270850089719e-02 2.371640650700340691e-02 -4.800065611779053693e-03 1.811347127230470561e-02 -6.434270222978734181e-03 -1.343126220672423779e-02 -1.380440895827396430e-02 1.025333395628281186e-01 -1.128334775499974761e-02 -8.501292605699633381e-03 -4.316378102511014765e-32 -1.799563681294555611e-03 -9.027062138266081504e-03 -1.846294471876320630e-03 2.106596195405697688e-02 -1.497408364477597655e-02 -4.711837295096729015e-31 -1.044383637856338351e-02 -3.129479554451617979e-03 -8.516773712887417552e-03 -2.172448977268802393e-30 -5.744103419675951512e-03 -2.300081345727049247e-03 -5.034460037017030216e-03 -4.269980699305322424e-31 -1.678217767748277703e-02 -1.492502929414787037e-02 -1.967360538285628339e-03 -5.348678224396479636e-03 -7.275983755940418525e-03 -6.868230455664904588e-03 -1.027240453393159052e-02 -7.347440475524351887e-03 -9.515066584015153053e-03 1.280374205110604985e-02 -5.210483095812614047e-03 -2.085775686752283989e-02 -2.640565562623733292e-04
1.319949114653253680e-02 -7.475419895229533374e-03 1.864805393611533579e-01 2.985955530235619854e-02 4.758831550448801295e-02 1.008697280865283652e+00 6.080531833549306098e-03 -7.033016521312593361e-03 -4.955516500776521033e-02 -8.671110797426762745e-03 8.887963165532000720e-02 1.139206898493017178e-01 -3.705170917373166312e-02 -1.626646713050360765e-02 -1.461107828138238363e-01 -1.082202083546130421e-02 -1.119402885471107861e-01 -3.817390470775983841e-02 -3.447393305843719780e-02 1.435970586740454268e-02 -1.245735240178551251e-02 3.926187823080577906e-03 3.854353127275839119e-02 1.832743464642588513e-02 5.738056080961326938e-02 2.743760215882176667e-02 4.082858655782606316e-02 -8.035361475158830230e-03 -2.986729527966584113e-02 2.225668593967874975e-02 -5.807219553542937451e-02 4.525974748464951791e-02 -1.502244284680465604e-31 1.241490885843528624e-01 1.914102843185346361e-02 -1.338778344276793930e-01 -3.075330255126564223e-03 -9.239051966971696672e-02 -4.432628590153242509e-02 1.703184552883069033e-31 6.859227730394869271e-02 9.318735975536424077e-02 7.721676448852890506e-02 -5.084082268304879366e-03 1.849609593871568564e-02 -1.203766852235701040e-01 -1.712176628179984395e-02 -1.744414580940110374e-03 6.373562020085925262e-03 1.972072139233794694e-02 -9.421519291368040533e-03 5.185390083844745868e-02 -1.489116200118651978e-01 1.587241468093189001e-01 7.247444106282717458e-02 4.789958908022971459e-03 -2.317226448106276815e-01 -3.162108053778870526e-02 -7.879884532325000246e-02 -9.271956560979531525e-03 2.034581799382904205e-02 -2.645628274743822700e-02 2.419329639490163525e-03 1.404495601567005980e-02 -4.761980566847962525e-03 3.342562117821381434e-02 -2.293874050425580378e-03 -2.160390738788621739e-03 -1.095636395579458952e-02 6.895016061496872170e-03 -1.259882277576295125e-02 -2.108370970347077378e-02 -6.059150020018670875e-03 1.849201739844276091e-02 2.747038085128612750e-03 4.228659288792255798e-03 -6.103301165172554665e-03 6.197953497818218041e-04 -3.028489347439389175e-34 7.833846702830436423e-03 2.180408131036638483e-02 2.689085348356993685e-02 4.190882926555877103e-03 8.834120289074091914e-03 -9.698737135174639547e-32 2.139802149416250576e-02 -1.194231163184839538e-02 1.356833850221798778e-03 -3.728411091749473538e-31 2.723690809635602797e-02 -5.645609264717144256e-03 9.349137960348304771e-03 -1.555129279910125741e-31 5.102489014815038068e-03 -5.315750898427297477e-02 -1.480628395023043031e-03 -1.474679347856258822e-02 1.674609907082792032e-02 1.737682217695136686e-02 -1.305195596583837159e-02 9.000721382959668559e-02 2.403728060459111096e-02 -2.642814703893171802e-02 -1.338045745208556354e-02 -6.831757728929440179e-03 1.374118981005566925e-02
3.654461076208583015e-02 1.112479055772018673e-02 -1.040655921893506551e-02 -7.854193838275399381e-03 7.704373289517396639e-04 6.080531833549306098e-03 9.477945601413988452e-01 -4.683999004297359492e-02 -2.588568022513447996e-03 -2.506275207452979825e-01 -3.791726869818669993e-02 -4.693926429276325946e-02 -2.945319977052909127e-02 -1.786482865145822213e-03 -3.202812687506373379e-02 -1.029803694569711610e-02 -2.711485404903040547e-02 -1.434674546166767560e-02 -5.743283482654392216e-03 -1.094088177639865322e-02 -6.812427955389492584e-03 -1.567585462010134476e-02 3.530056011826790408e-02 -6.247029579313501980e-03 -1.035074569315616935e-02 3.454827767715522996e-02 -8.323714475105518582e-03 -4.090261738807500838e-03 -5.395064572093134780e-03 -3.307044830235710345e-03 3.214945935900266616e-02 3.676337802727816517e-02 1.331323917134355034e-31 -7.782006172077858205e-03 1.941659000098051218e-03 -1.575505105370233333e-02 -8.517661524786085403e-03 -2.533451774296082044e-04 1.335695138316297936e-01 -9.998330443870081823e-31 -1.328987107297279965e-02 -1.961695399936638079e-02 -6.205133430058522477e-03 7.809748602592959943e-03 -2.806932447729077948e-02 -1.195972826717855292e-02 -1.002165899901320475e-02 3.055272542856577594e-02 -1.839563910781747552e-02 -6.159380553116519663e-02 3.437292193295471421e-02 -3.544170709559866378e-02 -3.213361342334483672e-02 -4.092282247828938832e-03 1.810153420826807538e-02 -2.469141689406719256e-02 -3.427550937794224956e-02 3.707837402680696365e-02 -2.776069752246802108e-03 1.671388326688361473e-03 8.826856637783604687e-03 4.110163479073213055e-02 -1.019775783167186853e-02 -3.656582337305283592e-02 -5.609091810598045361e-03 -8.054137785874557545e-03 -8.347303734842201339e-03 -5.331324746600138616e-03 -1.343166092811715236e-02 -5.651359804378103084e-03 -4.882800843367471853e-03 -5.267802308412205745e-03 2.920373508161034498e-02 -9.630620085396449787e-03 1.751925770293148027e-02 -4.240987204423008784e-03 -1.015233159052685019e-02 -7.212227264631786844e-03 2.054593421507356027e-32 -1.830581448544241208e-03 -6.913825113409950013e-03 -1.878117703695336487e-03 -9.256584126765405457e-03 -1.199553199937372465e-02 2.899399989004784237e-31 -8.196502435402201747e-03 -3.183420112066619179e-03 -7.367154349606696781e-03 2.257413245911214137e-30 -1.963381174875241872e-02 -2.339726171069196874e-03 -5.121235354433701162e-03 4.809468220434806376e-31 3.354909519687269970e-02 -1.251611838843523852e-02 -2.001270497631348327e-03 5.399381380044689788e-02 -4.689874125417528919e-03 -5.826789083686888769e-03 -7.365623863725224985e-03 -7.474082950541706925e-03 -7.287587622274803618e-03 6.805986653305097500e-03 -5.300292394368614005e-03 -1.344426506826344909e-02 1.850691976159102997e-03
4.479045164060174722e-02 -1.255163637314843893e-02 -5.709459396616708288e-02 -2.294643373914669396e-02 1.337814644090322934e-02 -7.033016521312593361e-03 -4.683999004297359492e-02 9.839149070472166247e-01 -4.960318944302872894e-03 -3.958127690836806267e-01 -4.884508712622535886e-02 -7.350150112549157233e-02 -4.559294209913932611e-02 -3.423330861922202050e-03 -5.591840928553769297e-02 -1.477047141957063200e-02 -4.239440613762680832e-02 5.825604026762290152e-03 -1.100551255124070614e-02 -2.096536103005270518e-02 -1.957942850584244721e-02 1.184440915599941149e-02 2.873449225219137926e-02 -8.183152911025393106e-03 4.128122175294041823e-02 1.845919646291229940e-02 -6.412554070210138568e-02 1.490747908533553712e-01 2.008191250781741696e-02 -1.944138369392481649e-02 -2.154653421826376036e-02 3.311199989011351374e-02 1.343513586757798420e-31 -1.823249014286152173e-02 -1.471665860052464789e-02 -1.870330068839833049e-03 -1.003463566006362537e-02 1.167602711809326635e-02 -9.392065667541738688e-03 -9.706308358543238662e-33 -4.885669575487770755e-02 -4.677398896993428812e-02 -3.189976121928095321e-02 -2.122126987116413135e-02 -3.502832020016850151e-02 1.491516943257952671e-02 -1.920390909329095994e-02 2.186066014595242635e-01 1.867812875414017193e-01 -9.321811380078881548e-02 -2.376116506810281928e-02 -1.224629358988668995e-02 -5.612967429054076252e-02 -2.336631655453692835e-02 1.530871780640319368e-02 -1.740575822844116563e-02 -2.678033087286812650e-02 4.230262176487982473e-02 2.116222055674771979e-02 4.934533801251887730e-02 -3.716824618521274298e-02 5.740303439475339525e-02 8.058745457402975709e-03 -4.545047042365699813e-02 -7.437655759631988869e-03 7.731507707395822784e-03 -1.282025529419053914e-02 -1.021610052692811799e-02 -2.275235404816849244e-02 1.648373113828469766e-02 3.194099968890355690e-02 -1.009437625667906381e-02 1.206124620346507234e-02 -1.277020226547869938e-02 3.964952772114317681e-03 -5.623549047263866688e-03 -1.758566628190499914e-02 -1.179650837428967633e-02 1.062573879636741592e-32 -3.507834354488759132e-03 -1.005003344620361561e-02 -3.598925252976676280e-03 -1.345550090515723086e-02 -1.842340802571922759e-02 1.172858212029589040e-31 -1.228448014255289003e-02 2.082444565547069901e-02 -1.228959590130221380e-02 8.410493479007611542e-31 -9.272102023610853672e-03 -4.483478104457292585e-03 -9.813518719961951409e-03 -8.578196076622066681e-33 -2.064800185754644274e-02 9.488601788311470941e-03 -3.834915627380814773e-03 -1.042601460657793279e-02 -5.164318529247500199e-03 -9.530449291026147490e-03 2.460192398446658935e-02 -1.432214063081117122e-02 4.271182840231897704e-02 2.845639512875040161e-02 -1.015663507602278769e-02 4.294799239999672752e-02 -2.205900375955538451e-02
-2.931855992357497789e-02 -6.600659394943126854e-03 -2.713768987903949700e-02 -3.539829553485520849e-04 -2.544706767120531038e-03 -4.955516500776521033e-02 -2.588568022513447996e-03 -4.960318944302872894e-03 1.499770141538339319e+00 -3.399023495260020122e-02 -2.011650201211180339e-03 -6.187491901524977758e-03 -3.732899776679953884e-03 -4.130312480695781815e-04 -5.857465792756521086e-03 -3.966465286177270864e-03 1.081388446763270478e-01 -3.121810711204027564e-03 -1.327835598727919756e-03 -2.529509878460810268e-03 -4.452643120888890096e-03 -3.260044487111315396e-03 -4.472224885739617406e-03 -4.259142257470050104e-03 -7.117107860768880773e-03 -1.015561818324813839e-03 -1.634935137043450754e-02 -3.133485819244316139e-03 -1.247328086432907945e-03 -1.189675629980834924e-03 -1.222423887223279652e-02 -1.059751936427254411e-02 1.266425519825301338e-31 -1.386850190812804334e-02 -2.888105711544202217e-03 2.691462888727350761e-02 -5.898556849896372141e-03 -4.391463631632342747e-03 -8.941746446841794885e-03 -1.728262862443579497e-31 -8.203459445268745237e-03 -5.418482440811213559e-03 -4.630379037207218648e-03 -5.990132715537683367e-03 -6.184012635446023073e-03 -8.560935965835425945e-03 -2.316987419720939814e-03 -6.365295435293245874e-03 -2.012107887152343733e-03 -7.202841925885624004e-03 -3.637252047087329368e-03 -5.675746904384534018e-03 8.631742436175300626e-02 -1.230368438616769380e-02 -1.480190724622426623e-02 -5.448542131975351449e-03 4.707973715029173389e-02 -9.555422353484501266e-03 -3.132863838294178919e-03 -2.543594863223714447e-03 -4.291411135995638546e-03 -8.141404748403417019e-03 -2.357701115920304846e-03 1.023931054761484209e-02 -3.577211995020999793e-04 -1.124253201914262408e-03 -1.029232728031324179e-03 -1.232591566878869262e-03 -2.258406263015943355e-03 -1.306583029052364731e-03 -1.128893741864427916e-03 -1.217905306832925199e-03 -1.513230854670053003e-03 -6.141951469554571318e-04 -1.056996001297757408e-03 -2.704699942641023802e-04 -1.817154857241551043e-03 -1.093382818590027741e-03 2.195202601474478303e-32 -4.232267519249375870e-04 -6.911971829039638415e-04 -4.342170385807603652e-04 -9.254102854473496677e-04 -1.479063721183282443e-03 3.593939491843193696e-31 -9.243615046952467036e-04 -7.360003320879396132e-04 -1.184856946713901474e-03 -6.364591308060194696e-31 -4.213932686547112658e-03 -5.409399885281940268e-04 -1.184019321633428354e-03 9.264332094538726729e-32 -1.657658041323702060e-03 -1.827549694913048039e-03 -4.626897170345769649e-04 -1.257918091775781433e-03 -8.864298411677586337e-31 -8.833486297490541735e-04 -4.697444599916602345e-04 -1.727992957259937576e-03 -7.285634149050774144e-04 8.522918366438781215e-03 -1.225416949409686073e-03 -7.004725508101511657e-31 -3.586868221759134060e-03
-1.360509444927069100e-01 1.021258527064197036e-02 9.894704039514172142e-03 -8.007788917562909392e-03 -9.581736600934417231e-03 -8.671110797426762745e-03 -2.506275207452979825e-01 -3.958127690836806267e-01 -3.399023495260020122e-02 9.603041180136523414e-01 -2.455617038692020637e-01 -4.421004885612581647e-01 -2.718186910504502007e-01 -2.345813275794853686e-02 -3.627554855024595071e-01 -3.066556178377167000e-03 4.536993777568103930e-02 2.142735780689297709e-02 1.855843600053163830e-02 3.356341147604265801e-02 -3.458457466880698883e-02 1.295802754390959488e-02 -4.382228690288099415e-03 2.560542512183315578e-02 -3.378022107331829504e-02 -5.355415495415063315e-02 7.037255566001231200e-02 -9.994740922543014772e-02 -6.106852243184955099e-03 -3.126236337665239812e-02 -9.594122373599878531e-03 -2.040547472452267433e-02 5.207336008454655599e-31 -5.599455737181759096e-02 1.163074366647094161e-02 6.955491427821881845e-02 1.861401918870077277e-02 -1.364696171185305652e-02 6.127751067224108256e-02 -1.056624790874865390e-30 5.392091859862174763e-02 2.024698842064947407e-03 -9.833764796696348176e-02 1.020446355438886649e-01 1.151946618173940035e-01 8.173429211353763768e-02 4.878094330761113817e-02 -1.275453528385841750e-01 -1.056273173508266716e-01 8.018724079165806540e-02 4.358765723550971083e-02 5.498190657195033137e-02 -3.642373324208642016e-01 -4.066248516931611490e-02 1.373544198354533646e-02 4.795966570783929961e-02 4.347162987429522424e-02 -5.093352672550583576e-03 -4.000195110882387439e-02 -4.158600694969435962e-02 5.700342342858404597e-03 -1.267094583907720645e-02 -1.754172859856497659e-03 1.977202063299574042e-02 1.712386401533660257e-02 -1.255431135403528228e-02 -2.254733612299973655e-02 9.957897907476358224e-03 5.966586580889265794e-03 1.297746574347958225e-02 1.796568413687677120e-03 1.378976260204807167e-02 -7.408698112238452926e-03 2.940109277835353807e-02 -2.528867457029219251e-02 1.294720975009100612e-02 4.367191694824888726e-02 1.185993828211899352e-02 3.341464793438827978e-32 8.910449843703250467e-03 2.381966026935321973e-02 9.141835023323600928e-03 1.988399219429740072e-02 5.979289256062127710e-03 6.324394304257674252e-31 2.937610237758641468e-02 1.171301514090529721e-03 1.486771830851327594e-02 2.271473007706701680e-30 3.897524549531255350e-02 1.138873810389368600e-02 2.492787786075770229e-02 5.935687696513828988e-31 2.390747280365006222e-02 -1.386517232375154146e-02 9.741287614931305044e-03 -6.158700348416310151e-03 -2.107821076008831868e-02 -4.171807386210979463e-03 -1.408263892678742260e-02 -7.123706802977604335e-02 -3.251488931557192791e-03 -3.287485109632007352e-02 9.899935391585682615e-03 1.025526493484650407e-03 -1.169335107736668711e-02
4.497545332991154110e-02 -3.185012150153744559e-02 5.415534369972063028e-02 3.807614133216286750e-02 2.643130559603068877e-02 8.887963165532000720e-02 -3.791726869818669993e-02 -4.884508712622535886e-02 -2.011650201211180339e-03 -2.455617038692020637e-01 8.546834024969329757e-01 -4.636885100955628891e-02 -2.941247490629882513e-02 -1.388326898839412895e-03 -2.817096411641647341e-02 1.668499328933701828e-03 -1.395877064116911315e-02 3.003383561477339109e-03 -4.463269758805056726e-03 -8.502471959592973819e-03 -3.737291839497591459e-03 6.388066225528469567e-04 1.063496686018885334e-02 -8.276342460153155930e-03 4.895525729245596425e-02 7.664732562198874749e-03 -2.387106860513127718e-02 -3.275779134945928928e-02 -4.192658890014582147e-03 4.042670360985115008e-02 -4.921553818026645939e-03 1.640749631757754470e-02 -6.083137271617282906e-31 3.511994344610960134e-02 -1.189525897236881104e-02 -3.778039210739168180e-02 -5.512508892180194471e-03 -1.760131827741236860e-02 -3.474918259833808393e-02 1.482256254987365606e-30 -1.149334150006969119e-02 1.079299802494647076e-01 1.415057997106564450e-02 -2.319147617305294604e-02 -2.507321290876506764e-02 -2.975082952899009772e-02 -7.788117664475699940e-03 -4.121256967037975616e-02 -1.904735439418007992e-02 9.110320807781885355e-02 -3.040018861389929758e-02 -1.721643688674358991e-02 -2.824745109986068203e-02 5.681312131606675031e-02 -1.473938018718885280e-02 -1.973983544180536037e-02 -2.451860477641685035e-02 1.782587847468210598e-04 -4.311882289202940283e-02 -1.612296967738854891e-02 5.786121878314433309e-03 -2.894059853560322637e-02 -7.924969100896215451e-03 2.786939380098830271e-02 -6.350195872771793523e-03 1.971670742815521266e-02 -8.396626729480034454e-03 -4.143124849702142613e-03 1.937921632998737542e-02 -4.391833240895542598e-03 -3.794564104016167477e-03 -4.093759747278636306e-03 -5.086441061084856496e-03 -1.090307058318546601e-02 -1.115823849986337553e-02 -4.801329760928865070e-03 -9.013552086636945210e-03 -6.822063690219261692e-03 -4.778707759492572677e-32 -1.422597168500100862e-03 -7.296662435626332516e-03 -1.459538951141433651e-03 -9.769146394660239638e-03 -1.206641184025173015e-02 -7.415767224782723349e-31 -8.427873392067162378e-03 -2.473926763091524421e-03 -6.824452549374079163e-03 -2.862353993062232197e-30 -1.594788834805648675e-02 -1.818268085627155594e-03 -3.979858377912415951e-03 -6.656922434606519637e-31 -1.352340966142727072e-02 -1.198726151448152588e-02 -1.555244507474455584e-03 -4.228255202267109519e-03 -5.943721999766225436e-03 -5.511574272391727217e-03 -8.338810602358491531e-03 6.191943003444810162e-02 -7.691121192326594302e-03 1.615202923310663646e-03 -4.119008721762867746e-03 -1.703861807800931619e-02 5.148752557440604977e-02
1.219470740754402954e-01 -1.733752811089161842e-03 8.673147324284263826e-02 1.596884842937084520e-02 8.453716397581526737e-03 1.139206898493017178e-01 -4.693926429276325946e-02 -7.350150112549157233e-02 -6.187491901524977758e-03 -4.421004885612581647e-01 -4.636885100955628891e-02 9.770003728634466533e-01 -5.024063445135858869e-02 -4.270256050513242078e-03 -6.641702187008584335e-02 1.018434268140402943e-02 -2.322712911094271249e-02 -3.301451783828811964e-02 -1.372825428113703256e-02 -1.494472394798825043e-02 4.377123124307401303e-02 1.795105581877027862e-03 -3.525160683482820960e-03 -1.752712727042460283e-02 -4.130816143387620832e-04 -3.415478833011591567e-03 -4.930616617645350308e-05 2.205231440752572838e-02 -1.289590154004042338e-02 4.377702053883342215e-02 -6.562015123498569913e-03 1.521941580819227702e-02 3.209441585948891834e-32 1.110875873257233803e-01 -1.063334485391321735e-03 -1.138324970283736276e-01 -1.866811223968773553e-02 -2.112966914337462837e-02 -9.945205307904309011e-02 -3.610716424484610412e-32 8.389501969721899211e-02 3.898731969943616815e-02 2.435032564002544420e-01 -6.404188935785394554e-02 -5.280966586954904951e-02 -5.144727080879855918e-02 -2.395491768303092961e-02 5.579701213308128384e-03 -1.307700529523400136e-02 3.926093296821607515e-02 -4.344110557894202002e-02 1.147853460045383973e-02 -6.668613422673036473e-02 9.997585711599184244e-02 -2.025938266921885333e-02 -2.439686697992958508e-02 -8.669901865501186689e-02 -2.868145436094008544e-02 1.974977812324783463e-02 -8.210836281953723392e-03 2.812094601667335103e-02 -6.994122738675828677e-02 -2.437584929134611542e-02 5.320092906275208922e-02 -7.253431842672785138e-03 4.262837787656913006e-03 3.155137154841929081e-02 1.456249350374143499e-02 1.632841376898713087e-02 -1.350852777213752860e-02 -1.167143007729811929e-02 -1.259170469489343143e-02 6.703736182115158961e-03 -1.245389605855811051e-02 1.381724097577420075e-03 -5.484258891040247330e-03 -2.079377168652926308e-02 -1.347748642063170167e-02 6.052246680273402021e-34 -4.375665537640069554e-03 -1.058070636047443377e-02 -4.489292141700042954e-03 -1.416599305590869953e-02 4.534104652900425303e-02 -1.185653579522520487e-32 -1.323131241288336146e-02 -7.609375527801424781e-03 1.203602249095554050e-02 -2.533293483016205280e-31 -2.008777711720678011e-02 -5.592681594367750718e-03 -1.224136356694749059e-02 3.573617429978478747e-33 -7.940398092593402984e-03 3.105107446807818181e-02 -4.783666061373675026e-03 5.572679806224105359e-03 5.079547854996493972e-02 3.607740428004730521e-02 -9.524902154988714592e-03 1.199456108247240471e-01 -1.115270106528459815e-02 -8.713538270672000277e-03 1.447772875027932178e-02 -1.176672838239610150e-02 -2.815096621292251591e-03
1.306160680709680944e-02 -6.294048698458603458e-03 -3.757129268860084220e-02 -6.724150129487004805e-04 -1.665649343732329007e-02 -3.705170917373166312e-02 -2.945319977052909127e-02 -4.559294209913932611e-02 -3.732899776679953884e-03 -2.718186910504502007e-01 -2.941247490629882513e-02 -5.024063445135858869e-02 8.608706435870536744e-01 -2.576235752874041392e-03 -4.039871204660973325e-02 -2.710385678642641960e-02 -2.775009291242406390e-02 -6.444137187711870308e-03 -8.282224551701439230e-03 -1.577753212764507890e-02 -2.817820450653565553e-02 -8.631427977702079563e-03 -2.892230422106492616e-02 -1.198724496285046882e-02 4.250569611076394222e-02 7.722282196809249211e-02 -4.557170402031561485e-02 7.704382125089116740e-02 -7.780068038075475291e-03 1.452276619809115665e-03 1.193499784472584584e-02 8.166282506080259698e-03 2.918025198491536624e-31 -3.482617291130995531e-03 -1.901055578676645597e-02 4.169716811297555573e-03 5.641349257518715916e-03 -1.074138850360931673e-02 3.254748853016901228e-02 -6.505687247818765122e-31 -5.282666299857980557e-02 -5.977437283147084279e-04 -1.501793795758289002e-02 -3.875506023912724668e-02 -3.723477799934488131e-02 5.054708014900618704e-04 -1.445194729828001498e-02 1.226847904854499738e-01 9.271999691530399823e-02 -6.249797296951015851e-02 3.333313503607176348e-02 -1.261890270121128303e-02 -4.056051565548859927e-02 -1.887440768839888233e-02 1.488938826497517541e-02 -2.562768936731924657e-02 -1.684181495642429055e-02 1.385542362391005769e-02 4.236458248567386009e-02 2.852948135457503490e-02 7.023260703429325125e-04 2.790103142707455602e-02 2.441862462036273329e-03 -3.222526729771731102e-02 -4.575934329723109310e-03 1.669782450087420322e-02 2.252196798223325691e-02 -7.688150662028289326e-03 -1.620123343567932139e-02 -8.149664049089004603e-03 -7.041347192445783151e-03 -7.596546773984689735e-03 -9.438606517965538942e-03 -7.856723789405797159e-03 1.396687179339546614e-02 -3.459825511140396208e-03 -1.265769456279294478e-02 -8.253170507898937094e-03 2.214014993562407606e-32 -2.639829056464361185e-03 -6.576495296829191345e-03 -2.708379727991374556e-03 1.923915944919567245e-02 -1.245700770695796350e-02 3.674768974182953107e-31 -8.189096788501701307e-03 -4.590718931108162502e-03 -8.684771682765265316e-03 1.182061034034120430e-30 -2.709629036727845622e-02 -3.374052072618892884e-03 -7.385186769142287368e-03 3.416893106248489943e-31 -1.396116928603391254e-02 -1.406106829113329577e-02 -2.885974843508481297e-03 -7.846122000129917423e-03 -2.707219267182368536e-03 -6.667771557485453054e-03 3.669720807213733976e-02 -1.077816087284877086e-02 -6.932021701006039691e-03 2.759941371595304310e-02 -7.643399796025405687e-03 -7.760671705164489537e-03 -4.641102201382955698e-03
1.002153391738353633e-02 -6.648635709622000879e-03 -1.872889471974226519e-02 -2.442989632815768439e-04 -1.756212313813306988e-03 -1.626646713050360765e-02 -1.786482865145822213e-03 -3.423330861922202050e-03 -4.130312480695781815e-04 -2.345813275794853686e-02 -1.388326898839412895e-03 -4.270256050513242078e-03 -2.576235752874041392e-03 7.143371709832114780e-01 -4.042490744275186766e-03 -2.737429423265081395e-03 -3.751887655501918994e-03 -2.154496731509302886e-03 -9.163968357125711799e-04 -1.745724282995516274e-03 -3.072961796210959932e-03 -2.249897845134698603e-03 -3.086476019932786648e-03 -2.939418472689249353e-03 -4.911824271982078750e-03 -7.008831798717827426e-04 2.039350492981419766e-02 -2.162554229045148858e-03 -8.608351158815192314e-04 -8.210466596039789388e-04 -8.436476497723541246e-03 -7.313806935983464298e-03 -8.670494021499887944e-32 2.016249211027806507e-02 -1.993206792917795196e-03 -1.293208676679099417e-02 -4.070849461856758215e-03 -3.030739181891328564e-03 -6.171086358492131919e-03 2.604689601817991511e-31 -5.661562534355001411e-03 -3.739529327185087300e-03 -3.195625047190737110e-03 -4.134049931539657795e-03 5.722359416405171234e-02 -5.908272558248439665e-03 -1.599053332997099749e-03 -4.392965967222666086e-03 -1.388642767723002837e-03 -4.970993062200669034e-03 -2.510225113585748055e-03 -3.917078671837334949e-03 -4.061108934992225042e-03 -8.491305286506895672e-03 -1.021543704352073471e-02 -3.760274821500688303e-03 -8.420768813769113209e-03 -6.594610670943844635e-03 6.733078922524171617e-02 -1.755444940793930274e-03 -2.961688622850328252e-03 -5.618735901372006250e-03 -1.627151617455690384e-03 7.066591522852553459e-03 -2.468788874203099422e-04 -7.758958095120827708e-04 -7.103180665462623545e-04 -8.506648057153291982e-04 -1.558623940466685081e-03 -9.017295172432380265e-04 -7.790984470452331752e-04 -8.405291818117182571e-04 -1.044346128580044214e-03 -4.238826626724062521e-04 -7.294787034464462593e-04 -1.866630531191324632e-04 -1.254097241233216586e-03 -7.545908214377574112e-04 3.158647475735252517e-34 -2.920871052293573565e-04 -4.770251015061562983e-04 -2.996719778782404027e-04 -6.386657038960634643e-04 -1.020765910484801352e-03 -2.940596982096898929e-32 -6.379418948917667514e-04 -5.079456945233971161e-04 -8.177210776551665714e-04 1.996009121343027902e-31 -2.908217390433743329e-03 -3.733261062382638423e-04 -8.171429963219204503e-04 -1.565396753444456748e-31 -1.144021583106982244e-03 -1.261271168757812202e-03 -3.193222060121472046e-04 -8.681437370659924810e-04 6.488538426888889827e-32 -6.096371342269946494e-04 -3.241909895639647583e-04 -1.192562753765337566e-03 -5.028131559920237265e-04 5.882034966921586595e-03 -8.457132915727070578e-04 3.986779089202896681e-31 -2.475453054344237298e-03
